gene	con_1	con_2	con_3	con_4
exon_skip_1	0.86	0.86	0.84	0.84
exon_skip_392	0.89	0.82	0.94	0.85
exon_skip_2	0.46	0.31	0.53	0.36
exon_skip_3	0.14	0.19	0.12	0.23
exon_skip_4	0.72	0.51	0.67	0.57
exon_skip_5	0.39	0.68	0.44	0.82
exon_skip_6	0.87	0.72	0.80	0.76
exon_skip_7	0.20	0.36	0.27	0.40
exon_skip_393	0.90	0.89	0.91	0.81
exon_skip_8	0.74	0.59	0.84	0.63
exon_skip_394	0.13	0.04	0.11	0.12
exon_skip_395	0.46	0.48	0.39	0.62
exon_skip_465	0.64	0.75	0.58	0.71
exon_skip_9	0.95	0.95	0.96	0.94
exon_skip_510	0.92	0.89	0.84	0.81
exon_skip_10	0.51	0.35	0.47	0.44
exon_skip_11	0.27	0.23	0.23	0.30
exon_skip_466	0.42	0.61	0.71	0.53
exon_skip_12	0.01	0.01	0.01	0.02
exon_skip_13	0.77	0.87	0.75	0.91
exon_skip_14	0.43	0.50	0.28	0.22
exon_skip_15	0.38	0.31	0.39	0.27
exon_skip_16	0.26	0.33	0.32	0.24
exon_skip_17	0.82	0.57	0.90	0.53
exon_skip_511	0.56	0.53	0.53	0.62
exon_skip_18	0.18	0.12	0.29	0.11
exon_skip_396	0.06	0.08	0.06	0.14
exon_skip_19	0.35	0.15	0.30	0.36
exon_skip_20	0.62	0.81	0.73	0.71
exon_skip_21	0.13	0.30	0.19	0.42
exon_skip_22	0.79	0.79	0.76	0.73
exon_skip_467	0.44	0.47	0.48	0.31
exon_skip_23	0.21	0.33	0.25	0.31
exon_skip_24	0.48	0.67	0.47	0.76
exon_skip_468	0.90	0.81	0.87	0.77
exon_skip_25	0.45	0.55	0.53	0.64
exon_skip_512	0.08	0.03	0.09	0.04
exon_skip_26	0.90	0.87	0.73	0.75
exon_skip_397	0.93	0.82	0.91	0.84
exon_skip_469	0.84	0.90	0.85	0.88
exon_skip_398	0.97	0.89	0.88	0.89
exon_skip_27	0.40	0.61	0.56	0.59
exon_skip_28	0.80	0.63	0.83	0.71
exon_skip_399	0.56	0.33	0.55	0.28
exon_skip_29	0.12	0.16	0.11	0.26
exon_skip_30	0.71	0.64	0.82	0.56
exon_skip_31	0.87	0.75	0.93	0.79
exon_skip_400	0.99	0.94	0.99	0.96
exon_skip_32	0.90	0.93	0.88	0.90
exon_skip_33	0.39	0.16	0.39	0.20
exon_skip_34	0.43	0.56	0.59	0.64
exon_skip_35	0.05	0.06	0.05	0.04
exon_skip_36	0.05	0.05	0.02	0.08
exon_skip_37	0.48	0.39	0.40	0.41
exon_skip_38	0.17	0.17	0.21	0.24
exon_skip_39	0.55	0.45	0.53	0.57
exon_skip_40	0.22	0.35	0.29	0.30
exon_skip_41	0.59	0.75	0.73	0.56
exon_skip_42	0.52	0.39	0.37	0.46
exon_skip_401	0.93	0.88	0.90	0.87
exon_skip_43	0.63	0.73	0.65	0.76
exon_skip_44	0.37	0.40	0.43	0.36
exon_skip_45	0.59	0.77	0.67	0.69
exon_skip_46	0.84	0.85	0.87	0.87
exon_skip_402	0.50	0.64	0.40	0.55
exon_skip_47	0.05	0.04	0.04	0.06
exon_skip_48	0.49	0.59	0.41	0.62
exon_skip_403	0.38	0.28	0.26	0.29
exon_skip_404	0.55	0.35	0.41	0.56
exon_skip_49	0.37	0.46	0.33	0.29
exon_skip_50	0.61	0.48	0.75	0.50
exon_skip_51	0.96	0.95	0.97	0.89
exon_skip_405	0.36	0.23	0.31	0.30
exon_skip_52	0.48	0.49	0.58	0.38
exon_skip_406	0.46	0.47	0.50	0.47
exon_skip_53	0.72	0.83	0.74	0.76
exon_skip_470	0.97	0.94	0.96	0.91
exon_skip_407	0.44	0.14	0.41	0.09
exon_skip_408	0.89	0.84	0.89	0.90
exon_skip_54	0.32	0.03	0.23	0.05
exon_skip_55	0.29	0.20	0.20	0.20
exon_skip_56	0.22	0.11	0.15	0.17
exon_skip_57	0.89	0.90	0.84	0.86
exon_skip_409	0.82	0.69	0.74	0.67
exon_skip_58	0.88	0.86	0.90	0.83
exon_skip_410	0.40	0.17	0.32	0.31
exon_skip_59	0.79	0.74	0.81	0.86
exon_skip_471	0.96	0.76	0.95	0.76
exon_skip_60	0.36	0.34	0.35	0.32
exon_skip_61	0.92	0.93	0.87	0.96
exon_skip_62	0.23	0.20	0.24	0.22
exon_skip_63	0.67	0.85	0.68	0.76
exon_skip_64	0.78	0.75	0.80	0.72
exon_skip_65	0.29	0.38	0.33	0.45
exon_skip_66	0.32	0.56	0.33	0.25
exon_skip_67	0.08	0.15	0.08	0.13
exon_skip_68	0.88	0.90	0.86	0.90
exon_skip_69	0.13	0.18	0.15	0.23
exon_skip_516	0.08	0.11	0.11	0.11
exon_skip_70	0.85	0.90	0.78	0.84
exon_skip_71	0.69	0.60	0.74	0.65
exon_skip_72	0.14	0.28	0.22	0.36
exon_skip_472	0.18	0.06	0.18	0.08
exon_skip_73	0.19	0.20	0.19	0.13
exon_skip_74	0.41	0.45	0.41	0.46
exon_skip_75	0.71	0.64	0.57	0.56
exon_skip_76	0.39	0.45	0.40	0.43
exon_skip_77	0.15	0.22	0.13	0.18
exon_skip_78	0.61	0.47	0.54	0.43
exon_skip_79	0.63	0.65	0.58	0.75
exon_skip_80	0.19	0.33	0.21	0.45
exon_skip_81	0.89	0.71	0.88	0.73
exon_skip_411	0.80	0.77	0.79	0.65
exon_skip_473	0.97	0.91	0.97	0.94
exon_skip_82	0.91	0.85	0.88	0.88
exon_skip_83	0.63	0.66	0.63	0.68
exon_skip_84	0.30	0.26	0.45	0.56
exon_skip_85	0.98	0.90	0.99	0.96
exon_skip_86	0.08	0.17	0.10	0.10
exon_skip_87	0.55	0.50	0.57	0.52
exon_skip_88	0.33	0.36	0.56	0.35
exon_skip_89	0.82	0.84	0.82	0.86
exon_skip_90	0.51	0.71	0.62	0.44
exon_skip_91	0.86	0.82	0.84	0.91
exon_skip_92	0.92	0.92	0.93	0.90
exon_skip_93	0.97	0.95	0.97	0.96
exon_skip_474	0.49	0.43	0.43	0.37
exon_skip_412	0.76	0.49	0.77	0.37
exon_skip_94	0.65	0.67	0.66	0.66
exon_skip_95	0.99	0.98	0.99	0.98
exon_skip_475	0.90	0.65	0.78	0.55
exon_skip_96	0.90	0.87	0.84	0.76
exon_skip_476	0.68	0.44	0.66	0.55
exon_skip_477	0.86	0.71	0.85	0.77
exon_skip_97	0.75	0.91	0.73	0.93
exon_skip_98	0.36	0.35	0.35	0.27
exon_skip_99	0.35	0.40	0.36	0.39
exon_skip_100	0.65	0.50	0.67	0.60
exon_skip_101	0.26	0.19	0.25	0.28
exon_skip_102	0.58	0.30	0.51	0.56
exon_skip_413	0.15	0.21	0.12	0.25
exon_skip_103	0.73	0.59	0.78	0.81
exon_skip_104	0.12	0.15	0.13	0.12
exon_skip_105	0.80	0.83	0.85	0.81
exon_skip_478	0.61	0.88	0.82	0.86
exon_skip_106	0.56	0.29	0.38	0.25
exon_skip_107	0.97	0.92	0.96	0.93
exon_skip_108	0.26	0.19	0.25	0.28
exon_skip_109	0.44	0.71	0.68	0.53
exon_skip_110	0.77	0.86	0.79	0.92
exon_skip_111	0.63	0.43	0.64	0.37
exon_skip_112	0.25	0.43	0.27	0.38
exon_skip_113	0.62	0.50	0.40	0.44
exon_skip_414	0.94	0.95	0.95	0.94
exon_skip_114	0.36	0.29	0.37	0.20
exon_skip_115	0.23	0.29	0.35	0.28
exon_skip_415	0.79	0.78	0.55	0.68
exon_skip_116	0.58	0.72	0.58	0.71
exon_skip_117	0.26	0.25	0.27	0.17
exon_skip_118	0.98	0.84	0.94	0.95
exon_skip_119	0.91	0.87	0.89	0.89
exon_skip_120	0.71	0.52	0.85	0.37
exon_skip_121	0.42	0.29	0.39	0.21
exon_skip_122	0.26	0.28	0.20	0.27
exon_skip_123	0.62	0.81	0.58	0.68
exon_skip_124	0.63	0.57	0.51	0.57
exon_skip_125	0.94	0.91	0.95	0.88
exon_skip_517	0.77	0.69	0.68	0.72
exon_skip_416	0.33	0.48	0.41	0.45
exon_skip_126	0.31	0.23	0.29	0.31
exon_skip_479	0.30	0.47	0.44	0.40
exon_skip_127	0.34	0.32	0.33	0.25
exon_skip_128	0.79	0.87	0.82	0.88
exon_skip_518	0.29	0.19	0.19	0.16
exon_skip_129	0.52	0.49	0.53	0.43
exon_skip_130	0.04	0.02	0.08	0.03
exon_skip_131	0.89	0.75	0.93	0.58
exon_skip_132	0.88	0.71	0.86	0.78
exon_skip_133	0.27	0.33	0.37	0.35
exon_skip_480	0.35	0.27	0.33	0.20
exon_skip_134	0.38	0.21	0.48	0.42
exon_skip_417	0.69	0.69	0.75	0.53
exon_skip_135	0.76	0.76	0.75	0.83
exon_skip_136	0.82	0.82	0.81	0.89
exon_skip_418	0.98	0.99	0.99	0.99
exon_skip_137	0.38	0.42	0.44	0.42
exon_skip_138	0.67	0.66	0.65	0.44
exon_skip_139	0.73	0.86	0.69	0.89
exon_skip_140	0.56	0.41	0.29	0.18
exon_skip_141	0.34	0.49	0.33	0.69
exon_skip_142	0.22	0.46	0.20	0.36
exon_skip_143	0.87	0.94	0.91	0.98
exon_skip_144	0.90	0.74	0.86	0.68
exon_skip_145	0.20	0.18	0.14	0.32
exon_skip_146	0.37	0.30	0.40	0.61
exon_skip_147	0.70	0.60	0.76	0.63
exon_skip_419	0.18	0.05	0.13	0.08
exon_skip_420	0.09	0.04	0.09	0.03
exon_skip_421	0.59	0.71	0.56	0.78
exon_skip_148	0.12	0.12	0.33	0.11
exon_skip_149	0.78	0.86	0.74	0.74
exon_skip_150	0.84	0.90	0.94	0.86
exon_skip_151	0.31	0.25	0.27	0.33
exon_skip_152	0.20	0.21	0.13	0.30
exon_skip_153	0.87	0.88	0.86	0.93
exon_skip_422	0.96	0.90	0.96	0.94
exon_skip_154	0.18	0.20	0.11	0.28
exon_skip_155	0.10	0.15	0.10	0.12
exon_skip_156	0.04	0.15	0.06	0.16
exon_skip_157	0.32	0.25	0.14	0.20
exon_skip_158	0.78	0.83	0.92	0.71
exon_skip_159	0.38	0.22	0.38	0.21
exon_skip_160	0.25	0.20	0.25	0.21
exon_skip_161	0.12	0.15	0.12	0.15
exon_skip_423	0.90	0.84	0.91	0.93
exon_skip_162	0.82	0.67	0.80	0.75
exon_skip_163	0.48	0.29	0.55	0.40
exon_skip_424	0.90	0.94	0.91	0.91
exon_skip_164	0.79	0.77	0.70	0.87
exon_skip_165	0.87	0.88	0.90	0.62
exon_skip_166	0.68	0.76	0.70	0.67
exon_skip_167	0.75	0.75	0.73	0.48
exon_skip_168	0.81	0.70	0.78	0.82
exon_skip_509	0.94	0.93	0.92	0.91
exon_skip_169	0.33	0.40	0.42	0.55
exon_skip_170	0.27	0.21	0.09	0.14
exon_skip_171	0.83	0.86	0.84	0.91
exon_skip_172	0.13	0.10	0.16	0.09
exon_skip_173	0.45	0.56	0.49	0.71
exon_skip_481	0.87	0.71	0.92	0.65
exon_skip_174	0.84	0.87	0.88	0.88
exon_skip_175	0.56	0.74	0.62	0.82
exon_skip_482	0.50	0.60	0.56	0.56
exon_skip_176	0.96	0.88	0.96	0.83
exon_skip_177	0.67	0.71	0.71	0.70
exon_skip_526	0.31	0.24	0.24	0.28
exon_skip_425	0.92	0.93	0.93	0.96
exon_skip_426	0.90	0.81	0.91	0.82
exon_skip_178	0.18	0.38	0.16	0.29
exon_skip_427	0.84	0.82	0.87	0.77
exon_skip_179	0.37	0.44	0.35	0.45
exon_skip_180	0.97	0.96	0.97	0.97
exon_skip_181	0.95	0.91	0.95	0.75
exon_skip_483	0.23	0.19	0.15	0.23
exon_skip_182	0.53	0.68	0.69	0.64
exon_skip_183	0.89	0.80	0.88	0.83
exon_skip_484	0.12	0.07	0.16	0.12
exon_skip_428	0.11	0.02	0.08	0.09
exon_skip_184	0.90	0.98	0.95	0.97
exon_skip_185	0.74	0.70	0.56	0.66
exon_skip_186	0.43	0.29	0.46	0.21
exon_skip_187	0.92	0.97	0.94	0.95
exon_skip_188	0.31	0.19	0.31	0.21
exon_skip_189	0.81	0.68	0.81	0.55
exon_skip_190	0.74	0.61	0.62	0.59
exon_skip_191	0.95	0.97	0.95	0.97
exon_skip_192	0.93	0.83	0.93	0.84
exon_skip_193	0.45	0.56	0.49	0.65
exon_skip_194	0.85	0.81	0.86	0.75
exon_skip_195	0.77	0.80	0.83	0.76
exon_skip_196	0.72	0.77	0.73	0.85
exon_skip_197	0.55	0.53	0.51	0.47
exon_skip_485	0.55	0.40	0.46	0.45
exon_skip_198	0.42	0.40	0.39	0.42
exon_skip_199	0.87	0.83	0.86	0.77
exon_skip_513	0.75	0.72	0.80	0.80
exon_skip_200	0.60	0.53	0.65	0.42
exon_skip_201	0.26	0.38	0.26	0.26
exon_skip_202	0.28	0.28	0.29	0.31
exon_skip_203	0.47	0.56	0.42	0.48
exon_skip_527	0.13	0.11	0.15	0.11
exon_skip_204	0.15	0.11	0.09	0.09
exon_skip_205	0.99	0.99	0.99	0.98
exon_skip_206	0.50	0.52	0.53	0.49
exon_skip_207	0.39	0.29	0.40	0.29
exon_skip_208	0.90	0.87	0.90	0.88
exon_skip_209	0.21	0.25	0.18	0.34
exon_skip_210	0.36	0.37	0.33	0.35
exon_skip_211	0.74	0.60	0.67	0.83
exon_skip_212	0.07	0.04	0.04	0.02
exon_skip_429	0.28	0.51	0.33	0.35
exon_skip_213	0.65	0.75	0.75	0.83
exon_skip_214	0.22	0.19	0.18	0.23
exon_skip_215	0.14	0.09	0.14	0.10
exon_skip_486	0.40	0.11	0.27	0.19
exon_skip_216	0.32	0.18	0.25	0.19
exon_skip_487	0.89	0.86	0.90	0.86
exon_skip_217	0.52	0.57	0.54	0.44
exon_skip_218	0.65	0.83	0.65	0.82
exon_skip_430	0.78	0.80	0.72	0.68
exon_skip_219	0.95	0.92	0.96	0.91
exon_skip_220	0.31	0.28	0.30	0.30
exon_skip_221	0.89	0.91	0.92	0.86
exon_skip_222	0.11	0.15	0.20	0.29
exon_skip_223	0.04	0.07	0.06	0.08
exon_skip_224	0.32	0.18	0.31	0.33
exon_skip_225	0.34	0.13	0.25	0.12
exon_skip_226	0.97	0.90	0.97	0.91
exon_skip_227	0.94	0.83	0.94	0.71
exon_skip_228	0.32	0.47	0.45	0.36
exon_skip_229	0.11	0.04	0.10	0.04
exon_skip_230	0.88	0.81	0.86	0.87
exon_skip_231	0.62	0.63	0.67	0.62
exon_skip_232	0.34	0.45	0.38	0.47
exon_skip_233	0.26	0.22	0.26	0.22
exon_skip_234	0.89	0.86	0.93	0.88
exon_skip_235	0.20	0.39	0.22	0.41
exon_skip_236	0.26	0.32	0.33	0.34
exon_skip_237	0.90	0.83	0.87	0.85
exon_skip_488	0.16	0.31	0.14	0.31
exon_skip_238	0.22	0.12	0.26	0.14
exon_skip_489	0.88	0.59	0.73	0.77
exon_skip_239	0.30	0.30	0.34	0.22
exon_skip_431	0.62	0.42	0.69	0.51
exon_skip_240	0.77	0.80	0.79	0.82
exon_skip_241	0.98	0.99	0.99	0.99
exon_skip_242	0.75	0.42	0.74	0.42
exon_skip_243	0.57	0.52	0.58	0.36
exon_skip_244	0.57	0.49	0.55	0.55
exon_skip_245	0.35	0.37	0.36	0.45
exon_skip_246	0.80	0.87	0.84	0.86
exon_skip_247	0.47	0.38	0.46	0.33
exon_skip_248	0.49	0.58	0.43	0.60
exon_skip_249	0.87	0.69	0.87	0.69
exon_skip_250	0.89	0.72	0.90	0.77
exon_skip_251	0.13	0.25	0.17	0.26
exon_skip_252	0.27	0.32	0.25	0.39
exon_skip_253	0.60	0.80	0.63	0.83
exon_skip_254	0.33	0.29	0.32	0.29
exon_skip_255	0.21	0.39	0.21	0.40
exon_skip_256	0.40	0.45	0.43	0.36
exon_skip_257	0.05	0.06	0.04	0.04
exon_skip_258	0.42	0.44	0.39	0.37
exon_skip_259	0.56	0.54	0.59	0.64
exon_skip_260	0.98	0.98	0.98	0.98
exon_skip_261	0.28	0.50	0.31	0.50
exon_skip_514	0.43	0.30	0.47	0.33
exon_skip_262	0.86	0.83	0.85	0.92
exon_skip_432	0.95	0.97	0.94	0.95
exon_skip_263	0.13	0.16	0.12	0.23
exon_skip_264	0.55	0.63	0.47	0.64
exon_skip_265	0.95	0.93	0.94	0.93
exon_skip_266	0.99	0.98	0.96	0.97
exon_skip_267	0.10	0.16	0.13	0.13
exon_skip_490	0.38	0.52	0.62	0.44
exon_skip_268	0.35	0.34	0.33	0.36
exon_skip_269	0.45	0.47	0.47	0.49
exon_skip_491	0.05	0.01	0.07	0.03
exon_skip_270	0.97	0.96	0.97	0.95
exon_skip_271	0.37	0.44	0.33	0.33
exon_skip_272	0.11	0.16	0.06	0.10
exon_skip_515	0.52	0.32	0.45	0.31
exon_skip_273	0.96	0.95	0.97	0.95
exon_skip_433	0.97	0.97	0.97	0.97
exon_skip_274	0.48	0.59	0.60	0.45
exon_skip_492	0.82	0.83	0.77	0.81
exon_skip_275	0.53	0.53	0.50	0.53
exon_skip_434	0.23	0.34	0.30	0.24
exon_skip_435	0.55	0.49	0.31	0.69
exon_skip_276	0.16	0.26	0.27	0.22
exon_skip_277	0.62	0.73	0.71	0.77
exon_skip_493	0.88	0.89	0.85	0.80
exon_skip_278	0.36	0.29	0.28	0.43
exon_skip_279	0.15	0.18	0.14	0.32
exon_skip_436	0.79	0.49	0.78	0.68
exon_skip_280	0.09	0.08	0.08	0.06
exon_skip_281	0.08	0.07	0.08	0.08
exon_skip_437	0.43	0.47	0.44	0.49
exon_skip_282	0.46	0.45	0.39	0.39
exon_skip_283	0.94	0.77	0.95	0.86
exon_skip_284	0.15	0.20	0.13	0.16
exon_skip_285	0.89	0.94	0.97	0.91
exon_skip_286	0.92	0.82	0.92	0.85
exon_skip_287	0.88	0.85	0.85	0.91
exon_skip_438	0.02	0.09	0.02	0.08
exon_skip_439	0.03	0.15	0.04	0.17
exon_skip_440	0.30	0.38	0.19	0.29
exon_skip_288	0.71	0.82	0.72	0.67
exon_skip_289	0.33	0.48	0.30	0.67
exon_skip_290	0.19	0.08	0.27	0.07
exon_skip_441	0.69	0.42	0.68	0.53
exon_skip_291	0.87	0.85	0.86	0.82
exon_skip_292	0.46	0.52	0.56	0.51
exon_skip_494	0.55	0.42	0.39	0.42
exon_skip_293	0.50	0.45	0.36	0.41
exon_skip_442	0.77	0.68	0.84	0.81
exon_skip_294	0.50	0.58	0.42	0.73
exon_skip_443	0.23	0.32	0.26	0.29
exon_skip_295	0.32	0.28	0.23	0.41
exon_skip_519	0.92	0.80	0.92	0.78
exon_skip_444	0.91	0.71	0.93	0.78
exon_skip_296	0.60	0.74	0.55	0.76
exon_skip_297	0.35	0.36	0.36	0.31
exon_skip_298	0.77	0.78	0.66	0.72
exon_skip_445	0.64	0.53	0.49	0.48
exon_skip_495	0.77	0.89	0.75	0.91
exon_skip_299	0.51	0.39	0.43	0.50
exon_skip_300	0.42	0.22	0.37	0.20
exon_skip_301	0.17	0.37	0.36	0.31
exon_skip_496	0.72	0.73	0.71	0.69
exon_skip_302	0.43	0.69	0.44	0.66
exon_skip_497	0.68	0.60	0.63	0.66
exon_skip_520	0.97	0.89	0.98	0.87
exon_skip_446	0.32	0.36	0.35	0.45
exon_skip_303	0.15	0.07	0.08	0.14
exon_skip_304	0.91	0.74	0.97	0.70
exon_skip_305	0.45	0.28	0.52	0.36
exon_skip_306	0.46	0.41	0.53	0.43
exon_skip_307	0.81	0.85	0.73	0.85
exon_skip_308	0.65	0.64	0.50	0.63
exon_skip_309	0.81	0.83	0.69	0.75
exon_skip_310	0.08	0.13	0.15	0.22
exon_skip_311	0.80	0.83	0.79	0.93
exon_skip_312	0.44	0.56	0.47	0.60
exon_skip_498	0.46	0.52	0.58	0.47
exon_skip_313	0.16	0.36	0.21	0.33
exon_skip_447	0.47	0.57	0.52	0.56
exon_skip_499	0.04	0.08	0.06	0.09
exon_skip_314	0.80	0.87	0.86	0.87
exon_skip_448	0.14	0.39	0.18	0.42
exon_skip_315	0.72	0.64	0.69	0.42
exon_skip_316	0.97	0.97	0.95	0.96
exon_skip_317	0.62	0.48	0.57	0.60
exon_skip_318	0.65	0.52	0.54	0.42
exon_skip_319	0.82	0.78	0.77	0.68
exon_skip_320	0.17	0.26	0.12	0.27
exon_skip_321	0.18	0.25	0.13	0.23
exon_skip_322	0.15	0.24	0.07	0.15
exon_skip_323	0.78	0.79	0.87	0.71
exon_skip_324	0.24	0.32	0.26	0.28
exon_skip_449	0.77	0.84	0.76	0.82
exon_skip_325	0.88	0.74	0.91	0.73
exon_skip_326	0.92	0.81	0.92	0.82
exon_skip_327	0.89	0.92	0.90	0.88
exon_skip_450	0.88	0.84	0.88	0.60
exon_skip_328	0.46	0.44	0.36	0.33
exon_skip_329	0.97	0.94	0.96	0.82
exon_skip_451	0.86	0.92	0.91	0.93
exon_skip_452	0.36	0.58	0.47	0.58
exon_skip_330	0.18	0.32	0.25	0.42
exon_skip_331	0.70	0.60	0.74	0.65
exon_skip_332	0.91	0.94	0.91	0.95
exon_skip_333	0.31	0.31	0.20	0.24
exon_skip_334	0.14	0.11	0.12	0.16
exon_skip_453	0.95	0.85	0.90	0.70
exon_skip_500	0.66	0.67	0.75	0.56
exon_skip_335	0.61	0.75	0.54	0.79
exon_skip_501	0.59	0.41	0.55	0.57
exon_skip_521	0.45	0.32	0.45	0.32
exon_skip_454	0.51	0.43	0.59	0.67
exon_skip_336	0.14	0.15	0.16	0.17
exon_skip_337	0.82	0.82	0.81	0.84
exon_skip_338	0.29	0.16	0.39	0.06
exon_skip_339	0.79	0.87	0.79	0.86
exon_skip_455	0.65	0.71	0.54	0.62
exon_skip_340	0.62	0.65	0.60	0.58
exon_skip_341	0.57	0.63	0.52	0.55
exon_skip_342	1.00	0.94	1.00	0.93
exon_skip_343	0.65	0.81	0.62	0.58
exon_skip_344	0.81	0.94	0.90	0.83
exon_skip_345	0.07	0.11	0.17	0.19
exon_skip_456	0.96	0.97	0.97	0.94
exon_skip_346	0.91	0.82	0.90	0.92
exon_skip_347	0.92	0.80	0.89	0.78
exon_skip_457	0.05	0.06	0.05	0.06
exon_skip_348	0.38	0.49	0.31	0.48
exon_skip_349	0.35	0.66	0.28	0.70
exon_skip_502	0.90	0.75	0.80	0.79
exon_skip_350	0.59	0.70	0.56	0.44
exon_skip_522	0.17	0.17	0.20	0.21
exon_skip_351	0.93	0.90	0.95	0.92
exon_skip_352	0.48	0.74	0.71	0.43
exon_skip_353	0.55	0.44	0.60	0.35
exon_skip_354	0.13	0.08	0.09	0.08
exon_skip_503	0.45	0.47	0.36	0.42
exon_skip_355	0.63	0.74	0.60	0.78
exon_skip_523	0.38	0.35	0.46	0.28
exon_skip_356	0.17	0.28	0.18	0.34
exon_skip_357	0.67	0.45	0.63	0.60
exon_skip_458	0.32	0.26	0.38	0.26
exon_skip_358	0.44	0.54	0.55	0.55
exon_skip_459	0.90	0.69	0.97	0.74
exon_skip_359	0.86	0.76	0.75	0.76
exon_skip_360	0.40	0.71	0.56	0.43
exon_skip_361	0.46	0.58	0.57	0.50
exon_skip_362	0.46	0.12	0.63	0.22
exon_skip_363	0.90	0.86	0.77	0.83
exon_skip_364	0.63	0.83	0.72	0.83
exon_skip_365	0.78	0.76	0.77	0.79
exon_skip_366	0.82	0.84	0.77	0.85
exon_skip_367	0.12	0.17	0.14	0.16
exon_skip_368	0.74	0.79	0.80	0.85
exon_skip_460	0.90	0.69	0.97	0.74
exon_skip_461	0.97	0.93	0.97	0.94
exon_skip_369	0.40	0.30	0.38	0.28
exon_skip_524	0.84	0.72	0.80	0.78
exon_skip_370	0.82	0.74	0.88	0.80
exon_skip_371	0.84	0.78	0.85	0.84
exon_skip_372	0.49	0.47	0.45	0.42
exon_skip_528	0.29	0.37	0.21	0.21
exon_skip_373	0.96	0.97	0.92	0.99
exon_skip_504	0.30	0.26	0.33	0.34
exon_skip_374	0.51	0.60	0.55	0.43
exon_skip_375	0.89	0.80	0.82	0.78
exon_skip_376	0.69	0.59	0.82	0.77
exon_skip_505	0.72	0.93	0.73	0.79
exon_skip_377	0.82	0.83	0.89	0.80
exon_skip_378	0.97	0.89	0.93	0.86
exon_skip_462	0.89	0.89	0.88	0.91
exon_skip_379	0.89	0.74	0.90	0.76
exon_skip_506	0.43	0.25	0.28	0.25
exon_skip_525	0.69	0.57	0.83	0.53
exon_skip_507	0.39	0.56	0.56	0.59
exon_skip_380	0.76	0.50	0.69	0.76
exon_skip_381	0.85	0.85	0.89	0.78
exon_skip_382	0.62	0.46	0.68	0.48
exon_skip_383	0.46	0.41	0.45	0.40
exon_skip_384	0.76	0.58	0.71	0.62
exon_skip_385	0.70	0.73	0.74	0.62
exon_skip_386	0.15	0.16	0.16	0.13
exon_skip_387	0.45	0.54	0.40	0.62
exon_skip_463	0.88	0.83	0.86	0.86
exon_skip_508	0.56	0.65	0.58	0.65
exon_skip_388	0.92	0.88	0.91	0.86
exon_skip_389	0.35	0.40	0.53	0.49
exon_skip_390	0.74	0.66	0.72	0.58
exon_skip_391	0.15	0.23	0.18	0.17
exon_skip_464	0.82	0.74	0.82	0.69
